7000,303001,1,0
7000,304026,2,0
7000,304011,3,0
7000,304014,4,0
7000,304015,5,0
7000,303031,6,0
7000,203254,7,0
7000,201257,8,0
7000,304007,9,0
7000,204259,10,0
7000,202259,11,0
7000,203260,12,0
7000,203212,13,0
7000,204010,14,0
7000,204007,15,0
7000,204022,16,0
7000,204002,17,0
7000,204006,18,0
7000,204024,19,0
7000,202022,20,0
7000,204018,21,0
7000,204023,22,0
7000,204025,23,0
7000,204026,24,0
7000,104001,25,1
7001,102001,1,0
7001,202026,2,0
7001,202025,3,0
7001,202023,4,0
7001,202018,5,0
7001,204022,6,0
7001,202024,7,0
7001,202006,8,0
7001,202002,9,0
7001,202022,10,0
7001,202007,11,0
7001,202010,12,0
7001,202212,13,0
7001,201260,14,0
7001,202259,15,0
7001,301007,16,0
7001,204257,17,0
7001,202254,18,0
7001,301031,19,0
7001,302015,20,0
7001,302014,21,0
7001,304011,22,0
7001,302026,23,0
7001,301001,24,1
